/// LOTE CARGA ///

835595
2
6685
343989
1
6489
496759
6
2729
657696
4
8989
384904
1
1711
473213
3
7151
477599
1
8501
943030
7
7268
613363
5
6532
828681
7
4945
577870
6
6571
182741
6
4410
328689
1
2365
807683
2
6949
584825
5
3618
408423
1
8331
629997
4
5086
656951
5
2551
930015
2
4075
684072
7
7507
950433
1
5431
592558
1
2534
246543
3
9132
821656
7
1515
894577
4
4092
367543
7
4066
322782
3
3683
462104
3
8626
770066
7
7417
483067
4
1009
817522
3
3409
639890
6
9164
678315
1
2135
955278
5
7312
560056
1
2729
369674
2
4615
971563
2
1418
119942
2
2746
466727
5
3437
817154
1
6825
894603
4
7580
989468
1
6735
462275
6
1852
979638
4
8287
208783
3
6668
527681
2
7024
353319
3
8351
210284
4
5761
517442
7
7446
138440
3
3930
986856
5
6575
497726
4
6723
536181
4
4905
371121
1
6530
674669
6
1766
506085
3
2104
658753
3
3967
932070
5
4387
985758
1
5384
365403
2
5783
283930
1
4421
716788
3
4943
303509
4
5203
836998
6
9257
501797
2
4822
814657
7
5637
840641
2
8049
273194
5
8471
327978
2
3517
571648
4
3916
929032
4
4570
706407
1
4445
427488
6
4306
433686
6
4340
723724
5
4792
610767
5
6564
614769
2
6931
273982
6
4182
709033
4
8045
543580
7
2151
116588
7
7892
776357
3
5190
539634
3
7394
696590
5
8679
950379
1
3997
559745
4
6075
595454
3
8656
979833
7
4556
325948
4
4161
182088
1
3844
725318
6
8998
522093
6
4526
668672
5
8216
547786
3
6981
280465
4
7924
932887
2
6309
555419
1
1980
939132
3
6095
303437
4
2232
458740
5
5426
625626
2
3917
231215
1
3026
839626
2
7431
978975
2
7612


/// LOTE PROCESO ///
657696
3
10
1
2
182741
6
18
2
3
639890
15
19
3
3
657696
15
9
4
3
716788
9
24
2
2
365403
10
31
2
2
182741
14
24
3
2
657696
8
7
2
3
807683
1
6
3
1
462104
6
21
3
3
657696
2
4
4
1
639890
5
18
3
3
517442
10
1
1
2
657696
7
21
1
2
807683
9
10
3
3
639890
15
29
2
2
657696
6
26
4
2
625626
3
25
4
2
182741
10
31
3
2
210284
1
30
4
1
182741
14
2
1
2
978975
4
8
3
1
639890
15
14
4
3
182741
1
9
4
3
979638
15
13
3
3
138440
9
24
4
3
182741
3
5
3
3
138440
1
20
4
3
138440
14
11
3
2
182741
10
31
2
3
138440
5
30
4
1
210284
1
17
3
1
182741
2
15
2
1
